147.52711	95775.90829
149.41321	95944.74617
151.30034	96113.67625
153.18552	96282.43177
155.07175	96451.28129
156.95602	96619.95535
158.83984	96788.58913
160.7247	96957.31601
162.60762	97125.86923
164.49158	97294.51554
166.37358	97462.9864
168.25662	97631.55036
170.13773	97799.94155
172.01987	97975.07839
173.90007	98168.3229
175.7813	98361.67326
177.66058	98554.82321
179.53943	98747.92896
181.41931	98941.14058
183.29724	99134.15178
185.17621	99327.26986
187.05325	99520.18958
188.93132	99713.21517
190.80745	99906.04136
192.68312	100098.82028
194.55984	100291.70712
196.43462	100484.39456
198.31044	100677.18889
200.18431	100869.78281
202.05922	101015.18803
203.93221	101155.80971
205.80473	101296.3961
207.67828	101437.05983
209.54991	101577.5794
211.42258	101718.17706
213.2933	101858.62831
215.16359	101999.04728
217.0349	102139.54283
218.90428	102279.89347
220.77322	102420.21109
222.64171	102560.49491
224.50975	102635.99845
226.37881	102678.64673
228.24596	102721.25144
230.11266	102763.84587
231.98038	102806.46358
233.84618	102849.03749
235.71153	102891.60112
237.57791	102934.18825
239.44238	102976.7318
241.30638	103019.26463
243.17143	103061.82142
245.03455	103104.33417
246.89722	103146.83665
248.76093	103177.33619
250.62271	103156.40295
252.48404	103135.47476
254.34641	103114.53488
256.20685	103093.61671
258.06683	103072.7037
259.92789	103051.77855
261.78699	103030.87544
263.64566	103009.97716
265.50534	102989.06753
267.36313	102968.17915
269.22046	102947.29594
271.0788	102926.40137
272.93524	102905.52817
274.79123	102884.66003
276.64679	102863.79672
278.50339	102842.92172
280.35806	102822.06842
282.21228	102801.22018
284.06754	102780.36024
285.92087	102759.522
287.77377	102738.6886
289.62622	102717.86026
291.47971	102697.02023
293.33127	102676.2019
295.18237	102655.38873
297.03308	102634.57996
298.8848	102613.75983
300.73459	102652.207
302.58395	102714.83533
304.43286	102777.44843
306.28281	102840.09675
308.13083	102902.6797
309.97842	102965.2481
311.82559	103027.80227
313.67377	103090.39064
315.52005	103152.91468
317.36588	103215.42347
319.21127	103277.91736
321.05621	103340.39601
322.90219	103402.90989
324.74628	103465.35975
326.5899	103527.7937
328.43311	103590.21377
330.27734	103652.66838
332.11966	103827.58173
333.96152	104015.80227
335.80298	104203.98194
337.64398	104392.1146
339.48453	104580.20127
341.32611	104768.3932
343.1658	104956.39199
345.00507	105144.34786
346.84387	105332.2557
348.68225	105520.12062
350.52164	105708.08876
352.35913	105895.86273
354.1962	106083.59378
356.03284	106271.28089
357.86902	106458.92099
359.70477	106646.51715
361.5401	106834.07039
363.37643	107021.72582
365.21088	107209.18913
367.04489	107396.60748
368.87845	107583.97984
370.71161	107771.31133
372.54431	107958.5958
374.37656	108145.8343
376.20984	108333.17805
378.04126	108492.66448
379.87219	108650.49337
381.70273	108808.28864
383.53284	108966.04684
385.36249	109123.76539
387.19171	109281.44688
389.02051	109439.09216
390.84885	109596.69778
392.67822	109754.3922
394.50571	109911.92455
396.33276	110069.41898
398.15939	110226.8772
399.9856	110384.29922
401.81134	110541.68072
403.63666	110699.02602
405.46155	110856.33425
407.28601	111013.60542
409.11005	111170.84038
410.93362	111328.03482
412.75681	111513.21748
414.57953	111723.62995
416.40182	111933.99279
418.22369	112144.30713
420.04657	112354.73807
421.86758	112564.95314
423.68814	112775.11627
425.5083	112985.23321
427.328	113195.29706
429.14728	113405.31242
430.96613	113615.27814
432.78455	113825.19422
434.60254	114035.06067
436.4201	114244.87748
438.23721	114454.64233
440.05392	114664.36102
441.87021	114874.03122
443.68604	115083.64831
445.50143	115293.49026
447.31644	115580.95869
449.13098	115868.35268
450.9451	116155.68014
452.75879	116442.93951
454.57208	116730.13551
456.38492	117017.26025
458.19733	117304.31688
460.00931	117591.30541
461.82086	117878.22583
463.63199	118165.07972
465.44269	118451.86552
467.25296	118738.58321
469.06281	119025.23437
470.87222	119311.81585
472.67978	119598.10432
474.48834	119884.55117
476.29648	120170.93151
478.10419	120457.24373
479.91147	120743.56544
481.71832	121055.67205
483.52621	121367.95831
485.33221	121679.9181
487.13779	121991.80534
488.94293	122303.61657
490.74768	122615.36044
492.55197	122927.02485
494.35587	123238.6219
496.1593	123550.13776
497.96091	123861.33924
499.76352	124172.71345
501.5657	124484.01339
503.36743	124795.2356
505.16879	125106.3939
506.9697	125417.47446
508.77017	125728.47903
510.57022	126039.41104
512.36987	126350.27396
514.16766	126660.81559
515.96643	126971.5265
517.76483	127198.11612
519.56274	127420.90349
521.36029	127643.64624
523.15735	127866.32828
524.95404	128088.96447
526.74884	128311.36646
528.54468	128533.89733
530.34009	128756.37491
532.13507	128978.7992
533.92963	129201.17145
535.72382	129423.49786
537.51611	129645.58882
539.30939	129867.80246
541.10229	130089.96902
542.89471	130312.07609
544.68677	130534.13855
546.47839	130756.1465
548.26813	130977.92148
550.0589	131199.8241
551.8493	131432.22791
553.63922	131713.26298
555.42871	131994.23054
557.21643	132274.92019
559.00507	132555.75429
560.79333	132836.52873
562.58118	133117.23879
564.36719	133397.65996
566.15417	133678.23342
567.94073	133958.74094
569.72693	134239.19194
571.51404	134519.78581
573.29797	134799.88039
575.08289	135080.13042
576.86737	135360.31136
578.65143	135640.42635
580.43365	135920.25245
582.21686	136200.23398
583.99969	136508.28522
585.7821	136823.51248
587.56268	137138.41608
589.34424	137453.49301
591.12537	137768.49389
592.90466	138083.16936
594.685	138398.03052
596.4649	138712.81387
598.24432	139027.51233
600.02203	139341.90837
601.80066	139656.46711
603.57886	139970.94981
605.35529	140285.11947
607.13269	140599.46068
608.90967	140913.72761
610.68622	141227.9185
612.46094	141541.78574
614.23669	141855.83514
616.01202	142169.55334
617.78552	142414.83605
619.56	142660.25431
621.33411	142905.62138
623.10632	143150.72569
624.87958	143395.97521
626.6524	143641.16387
628.42487	143886.30413
630.19684	144131.37524
631.96704	144376.20155
633.73822	144621.1634
635.50897	144866.06577
637.27789	145110.71505
639.04785	145355.50817
640.81738	145600.24181
642.58508	145844.72236
644.35382	146089.34675
646.12067	146333.70974
647.88855	146578.21518
649.65601	146822.76847
651.42169	147094.91595
653.18829	147367.20524
654.95453	147639.43903
656.71893	147911.38923
658.48438	148183.50126
660.24792	148455.3189
662.01251	148727.29838
663.77527	148998.9958
665.53906	149270.85197
667.30243	149542.64341
669.06396	149814.15125
670.82648	150085.81167
672.58716	150357.1885
674.35028	150628.9414
676.11017	150900.19646
677.87109	151171.61028
679.63153	151442.95011
681.3902	151714.01713
683.1499	151985.17214
684.90771	152238.43626
686.66656	152491.85023
688.42358	152745.00054
690.18164	152998.30068
691.93787	153251.33717
693.69507	153504.5134
695.45044	153757.42598
697.20685	154010.48839
698.96143	154263.28714
700.71698	154516.22565
702.47076	154768.90914
704.22552	155021.73382
705.97845	155274.29484
707.73242	155527.0057
709.48456	155779.4529
711.23767	156032.03986
712.98901	156284.37179
714.74274	156537.04807
716.49323	156789.21117
718.24475	157029.14488
719.99445	157268.82926
721.74512	157508.64653
723.49402	157748.22133
725.24249	157987.73722
726.99194	158227.38736
728.73962	158466.79504
730.48828	158706.33696
732.23517	158945.63642
733.98297	159185.06054
735.72906	159424.2504
737.47467	159663.37452
739.22131	159902.63973
740.96619	160141.66385
742.71198	160380.81262
744.45599	160619.71756
746.20105	160858.76633
747.94427	161097.56305
749.68848	161336.58045
751.43225	161598.97763
753.17426	161861.10997
754.91724	162123.38826
756.65845	162385.40022
758.39923	162647.34747
760.14105	162909.45121
761.88104	163171.27958
763.62061	163433.04476
765.36121	163694.96492
767.09998	163956.60971
768.83838	164218.19882
770.57776	164479.93541
772.31531	164741.39661
774.05389	165003.01281
775.79065	165264.35515
777.52704	165525.6418
779.2644	165787.07442
781	166048.2422
782.73651	166309.69124
784.47266	166609.89497
786.20703	166909.79091
787.94104	167209.62461
789.67462	167509.38395
791.40912	167809.30238
793.14191	168108.92512
794.87427	168408.47351
796.60767	168708.20173
798.33923	169007.61178
800.07037	169306.94922
801.80255	169606.46648
803.5329	169905.66732
805.26288	170204.80417
806.99243	170503.86667
808.72302	170803.10901
810.45313	171102.26834
812.18152	171401.13026
813.90948	171699.91783
815.63843	171998.74823
817.36566	172265.25955
819.09241	172531.6968
820.81879	172798.07696
822.54614	173064.60679
824.27173	173330.86505
825.99695	173597.06622
827.72174	173863.20105
829.44751	174129.48709
831.17151	174395.50001
832.89514	174661.45585
834.61835	174927.34688
836.34113	175193.17156
838.06628	175459.36193
839.78833	175725.07397
841.50995	175990.71967
843.23114	176256.29901
844.95197	176521.82281
846.67377	176787.49627
848.3938	177052.59848
850.11346	177238.97874
851.8327	177425.31349
853.55157	177611.60813
855.27002	177797.85725
856.98944	177984.21151
858.70709	178170.37392
860.42438	178356.49732
862.14124	178542.57412
863.85907	178728.75604
865.5752	178914.75372
867.29089	179100.70371
869.00751	179286.75449
870.72241	179472.61886
872.43695	179658.44421
874.15106	179844.22295
875.86481	180029.96268
877.57813	180215.6558
879.29108	180401.30882
881.0036	180586.73385
882.71576	180710.74435
884.42883	180834.82077
886.1402	180958.77406
887.85254	181082.7976
889.56311	181206.69294
891.27332	181330.56221
892.98309	181454.39961
894.6925	181578.21094
896.40155	181701.99619
898.11017	181825.75029
899.81836	181949.47326
901.52618	182073.16942
903.23364	182196.83951
904.94067	182320.47845
906.64734	182444.09132
908.35364	182567.67739
910.06085	182691.32937
911.7677	182814.95528
913.47284	182939.95644
915.17749	183069.61235
916.88184	183199.24544
918.58575	183328.84507
920.28931	183458.41807
921.99243	183587.95761
923.69519	183717.46976
925.39758	183846.95378
927.09955	183976.40585
928.80115	184105.82977
930.50232	184235.22099
932.20453	184364.69132
933.90491	184494.02245
935.60498	184623.33
937.30463	184752.60561
939.0025	184881.74584
940.70135	185010.9606
942.39984	185140.14798
944.09796	185269.30721
945.79565	185398.43375
947.49298	185527.5329
949.18988	185656.59934
950.88641	185784.25789
952.58392	185894.00381
954.27966	186003.63529
955.97504	186113.2435
957.67004	186222.82714
959.36469	186332.38815
961.0589	186441.92072
962.75269	186551.42613
964.44482	186660.82422
966.13788	186770.28244
967.83051	186879.71285
969.52283	186989.12323
971.21472	187098.5058
972.90759	187207.95174
974.59869	187317.28324
976.28943	187426.59146
977.9798	187535.87577
979.6684	187645.04564
981.35797	187754.27823
983.04718	187863.48754
984.73602	187972.67293
986.42444	188081.83116
988.11249	188187.23507
989.80017	188279.81359
991.48743	188372.36906
993.17432	188464.90424
994.86084	188557.41913
996.54694	188649.91097
998.23267	188742.38252
999.91803	188834.83377
1001.6017	188927.19232
1003.2863	189019.60188
1004.9705	189111.9895
1006.6543	189204.35517
1008.3377	189296.69891
1010.0208	189389.02619
1011.7034	189481.32604
1013.3857	189548.59688
1015.0676	189607.37348
1016.7479	189666.09416
1018.429	189724.84281
1020.1097	189783.57747
1021.7901	189842.30165
1023.4702	189901.01535
1025.1484	189959.66265
1026.829	190018.39382
1028.5078	190077.06208
1030.1863	190135.71986
1031.863	190194.31474
1033.5408	190252.94806
1035.2181	190311.56391
1036.8937	190370.12035
1038.5703	190428.71173
1040.2465	190477.42849
1041.9222	190514.30878
1043.5977	190551.18468
1045.2727	190588.04957
1046.9474	190624.90786
1048.6204	190661.72873
1050.2942	190698.56721
1051.9678	190735.40129
1053.6395	190772.19355
1055.3124	190809.01223
1056.9847	190845.81769
1058.6554	190882.58795
1060.3284	190919.40882
1061.9996	190956.19008
1063.6692	190992.93612
1065.3396	191029.69977
1067.0098	191066.45902
1068.6782	191103.17865
1070.3475	191139.91809
1072.0165	191176.65093
1073.6837	191213.34415
1075.3521	191214.61772
1077.0211	191198.50821
1078.6873	191182.42572
1080.3544	191166.33455
1082.0198	191150.25978
1083.6862	191134.17537
1085.3521	191118.09578
1087.0164	191102.03163
1088.6815	191085.95976
1090.3451	191069.90237
1092.0109	191053.82374
1093.6736	191037.77504
1095.3373	191021.71668
1097.0006	191005.66219
1098.6622	190989.6241
1100.3247	190973.57733
1101.9856	190957.546
1103.6475	190941.50502
1105.3076	190925.47732
1106.97	190907.97099
1108.6294	190890.49626
1110.2897	190873.01205
1111.9496	190855.53204
1113.6078	190838.06995
1115.2671	190820.59626
1116.9246	190803.14154
1118.583	190785.67733
1120.2397	190768.23103
1121.8975	190750.77315
1123.5547	190733.32158
1125.2117	190715.87212
1126.8669	190698.44161
1128.5231	190681.00058
1130.1776	190663.57744
1131.8331	190646.14378
1133.4868	190628.72907
1135.1416	190611.30277
1136.7959	190593.93501
1138.4485	190590.65839
1140.1022	190587.37959
1141.754	190584.10455
1143.4069	190580.82733
1145.058	190577.55368
1146.7101	190574.27805
1148.3605	190571.00579
1150.0118	190567.73175
1151.6628	190564.4583
1153.3121	190561.18822
1154.9624	190557.91615
1156.611	190554.64746
1158.2604	190551.37719
1159.9082	190548.11008
1161.5557	190544.84357
1163.204	190541.57547
1164.8521	190538.30777
1166.4996	190535.04126
1168.1456	190531.74059
1169.7913	190518.16587
1171.4377	190504.58539
1173.0826	190491.01727
1174.7271	190477.45245
1176.3724	190463.88104
1178.0176	190450.31045
1179.6609	190436.75553
1181.3052	190423.19236
1182.9479	190409.64239
1184.5901	190396.09655
1186.2333	190382.54245
1187.8748	190369.00238
1189.516	190355.46479
1191.1593	190341.90987
1192.7998	190328.37805
1194.4398	190314.85035
1196.0808	190301.3144
1197.7201	190287.79248
1199.359	190274.07308
1200.9989	190195.7874
1202.6371	190117.58288
1204.2762	190039.33539
1205.9137	189961.16428
1207.5521	189882.95021
1209.1888	189804.8173
1210.8252	189726.6987
1212.4613	189648.59443
1214.0981	189570.45674
1215.7334	189492.39066
1217.3696	189414.28161
1219.0042	189336.24894
1220.6396	189258.17809
1222.2734	189180.18361
1223.9069	189102.20346
1225.5399	189024.24717
1227.174	188946.23837
1228.8076	188868.25345
1230.4396	188790.37374
1232.0712	188720.3201
1233.7024	188650.28364
1235.3346	188580.20425
1236.9651	188510.19784
1238.5952	188440.20861
1240.2263	188370.17644
1241.8557	188300.21726
1243.4849	188230.26667
1245.1147	188160.29032
1246.7432	188090.36978
1248.3711	188020.47501
1249.9987	187950.59311
1251.6259	187880.7284
1253.254	187810.82503
1254.8818	187740.93455
1256.5081	187686.99621
1258.1338	187681.46445
1259.7592	187675.93372
1261.3843	187670.40401
1263.0089	187664.876
1264.6345	187659.34458
1266.2585	187653.81862
1267.8821	187648.29401
1269.5066	187642.76634
1271.1295	187637.24411
1272.752	187631.72325
1274.3741	187626.20374
1275.9972	187620.68084
1277.6187	187615.16337
1279.2397	187609.64761
1280.8604	187604.13287
1282.4807	187598.61949
1284.1007	187593.10714
1285.7203	187500.78354
1287.3408	187402.70368
1288.9597	187304.72065
1290.5782	187206.76183
1292.1964	187108.82116
1293.8143	187010.89866
1295.4318	186913.00036
1297.0488	186815.13233
1298.6669	186717.19772
1300.2832	186619.37206
1301.8992	186521.56455
1303.5149	186423.7752
1305.1301	186326.01611
1306.745	186228.27518
1308.3608	186130.47977
1309.9751	186032.77516
1311.589	185935.09475
1313.2024	185837.44461
1314.8156	185739.80657
1316.4283	185642.19879
1318.0408	185544.60311
1319.6541	185430.3675
1321.2657	185294.91824
1322.8771	185159.48579
1324.488	185024.09536
1326.0988	184888.71334
1327.709	184753.38175
1329.3188	184618.08377
1330.9297	184482.69335
1332.5388	184347.45421
1334.1464	184212.34113
1335.7549	184077.15242
1337.363	183941.99732
1338.9707	183806.87585
1340.5795	183671.66192
1342.1864	183536.60768
1343.7931	183401.57025
1345.3994	183266.56644
1347.0054	183131.58784
1348.6097	182996.75212
1350.2163	182861.72309
1351.8212	182726.83695
1353.4258	182591.97601
1355.0299	182457.1571
1356.6338	182322.355
1358.2372	182187.59492
1359.8391	182052.96092
1361.4431	181918.15041
1363.0455	181783.47438
1364.6476	181476.14131
1366.2493	181135.02986
1367.8494	180794.25915
1369.4503	180453.31808
1371.0522	180112.16403
1372.6525	179771.35073
1374.2524	179430.62262
1375.8507	179090.23526
1377.45	178749.63493
1379.0487	178409.16238
1380.6486	178068.43427
1382.2454	177728.36637
1383.8431	177388.10679
1385.4407	177047.8685
1387.0377	176707.758
1388.6332	176367.96695
1390.2308	176027.72867
1391.8269	175687.80984
1393.4225	175347.99749
1395.0166	175008.5046
1396.6116	174668.82003
1398.2062	174329.22066
1399.8004	173989.70647
1401.3943	173679.02508
1402.9879	173460.09054
1404.5811	173241.21096
1406.1726	173022.56493
1407.7651	172803.78151
1409.3585	172584.87445
1410.9491	172366.35207
1412.5405	172147.71978
1414.1316	171992.16554
1415.7211	171851.54256
1417.3114	171710.84881
1418.9027	171570.06658
1420.4912	171429.53207
1422.0804	171288.93563
1423.6694	171148.35688
1425.2568	171007.91969
1426.8451	170867.40287
1428.433	170726.92144
1430.0206	170586.46656
1431.6078	170446.04706
1433.1935	170305.76026
1434.78	170165.40269
1436.3662	170025.07166
1437.952	169884.77602
1439.5375	169744.50692
1441.1213	169608.96739
1442.7061	169508.17269
1444.2893	169407.47975
1445.8746	169306.65324
1447.457	169206.01118
1449.0404	169105.30552
1450.6234	169004.6253
1452.2048	168904.04684
1453.7872	168803.40478
1455.3691	168702.79452
1456.9508	168602.19698
1458.5309	168501.7012
1460.1118	168401.15454
1461.691	168300.716
1463.2726	168200.12482
1464.8512	168099.72444
1466.4308	167999.26046
1468.0087	167898.9046
1469.5875	167798.49151
1471.1648	167698.17381
1472.7441	167597.72891
1474.3208	167497.37582
1475.8982	167375.35329
1477.474	167253.45453
1479.0508	167131.47842
1480.6272	167009.53325
1482.202	166887.71185
1483.7777	166765.82083
1485.3519	166644.04584
1486.9269	166522.20897
1488.5016	166400.3953
1490.0759	166278.61258
1491.6487	166156.94589
1493.2211	166035.31015
1494.7943	165913.61252
1496.3661	165792.02319
1497.9399	165670.27914
1499.511	165548.74396
1501.0815	165427.2552
1502.6532	165305.6736
1504.2231	165184.33198
1505.7953	165097.94516
1507.3645	165011.72319
1508.9335	164925.51221
1510.5033	164839.25727
1512.0715	164753.09024
1513.6407	164666.86826
1515.2096	164580.66278
1516.7767	164494.55619
1518.3436	164408.46059
1519.9114	164322.31554
1521.4789	164236.18698
1523.0447	164150.15182
1524.6115	164064.06172
1526.1766	163978.06503
1527.7415	163892.07933
1529.3071	163806.05516
1530.8726	163720.03649
1532.4363	163634.11672
1533.9998	163548.20794
1535.5641	163468.30377
1537.1268	163395.33745
1538.6906	163322.31976
1540.2538	163249.33009
1541.8156	163176.40578
1543.377	163103.50016
1544.9392	163030.55718
1546.5012	162957.62354
1548.0615	162884.76927
1549.6216	162811.92435
1551.1813	162739.0981
1552.7418	162666.2345
1554.302	162593.3849
1555.8607	162520.60535
1557.4191	162447.8398
1558.9769	162375.10226
1560.5359	162302.3087
1562.0944	162213.42637
1563.6514	162101.97939
1565.208	161990.56104
1566.7642	161879.17133
1568.3214	161767.71003
1569.877	161656.36326
1571.4335	161544.95208
1572.9884	161433.65541
1574.543	161322.38022
1576.0984	161211.04777
1577.6523	161099.82268
1579.2058	160988.62623
1580.759	160877.45125
1582.3132	160766.20469
1583.8669	160654.99392
1585.4192	160543.88336
1586.9709	160432.81574
1588.5225	160321.75529
1590.0737	160210.72346
1591.6257	160099.63437
1593.1763	159988.6455
1594.7264	159877.69241
1596.2762	159766.76079
1597.8269	159655.76475
1599.3773	159544.79019
1600.9261	159433.93015
1602.4746	159323.09159
1604.0227	159111.75283
1605.5718	158868.1794
1607.1193	158624.85754
1608.6664	158381.59858
1610.2131	158138.40251
1611.7596	157895.23789
1613.3069	157651.94748
1614.8527	157408.89292
1616.3982	157165.88553
1617.9432	156922.95676
1619.4893	156679.85504
1621.0337	156437.02061
1622.5778	156194.07993
1624.1216	155905.88282
1625.6649	155617.77905
1627.2092	155329.48861
1628.752	155041.47818
1630.2944	154753.54242
1631.8364	154465.68134
1633.3782	154177.8576
1634.9209	153889.86584
1636.4607	153602.41545
1638.0015	153314.77838
1639.5419	153027.21599
1641.0831	152739.50425
1642.6228	152574.15817
1644.1622	152428.20921
1645.7013	152282.2887
1647.24	152136.40611
1648.7797	151990.42871
1650.3177	151844.61248
1651.8555	151698.81522
1653.3916	151553.17913
1654.9298	151407.34394
1656.4666	151261.64149
1658.0029	151115.98644
1659.5391	150970.34087
1661.0747	150824.75218
1662.6113	150679.06869
1664.1451	150533.65066
1665.6799	150388.13783
1667.2142	150242.6724
1668.7495	150097.11215
1670.2832	149951.70361
1671.8167	149806.31402
1673.3485	149661.08561
1674.8824	149515.6581
1676.4148	149370.37281
1677.9469	149225.11596
1679.4774	149080.0108
1681.01	148934.82612
1682.541	148824.11236
1684.0718	148713.41307
1685.6022	148602.7427
1687.131	148492.18804
1688.662	148381.47428
1690.1914	148270.87623
1691.7205	148160.29987
1693.2479	148049.84645
1694.7776	147939.2267
1696.3057	147828.72266
1697.8322	147718.33432
1699.3596	147607.88089
1700.8879	147497.36239
1702.4147	147386.95235
1703.9398	147276.66525
1705.4659	147166.30584
1706.9917	147055.96812
1708.5171	146945.65932
1710.0422	146835.38383
1711.567	146728.62869
1713.0902	146621.98558
1714.6156	146515.18843
1716.1393	146408.51031
1717.6616	146301.93021
1719.1847	146195.29409
1720.7087	146088.59497
1722.23	145982.08487
1723.7521	145875.51877
1725.2727	145769.05769
1726.7954	145662.44958
1728.3165	145555.95349
1729.8362	145449.55541
1731.3566	145343.10833
1732.8779	145236.59824
1734.3966	145130.27018
1735.9161	145023.88611
1737.4341	144917.60706
1738.9541	144811.24858
1740.4714	144721.48444
1741.9896	144631.66705
1743.5076	144541.8615
1745.025	144452.09144
1746.5422	144362.33321
1748.058	144272.65781
1749.5745	144182.94099
1751.0907	144093.24192
1752.6066	144003.5606
1754.121	143913.96803
1755.6362	143824.32812
1757.1511	143734.70596
1758.6658	143645.09563
1760.1788	143555.58588
1761.6927	143466.02288
1763.2064	143376.47172
1764.7197	143286.94422
1766.2314	143197.51137
1767.744	143107.91687
1769.2563	142985.06253
1770.7683	142862.23255
1772.2788	142739.52443
1773.7889	142616.84881
1775.3011	142494.00258
1776.8107	142371.36758
1778.321	142248.6757
1779.8298	142126.10568
1781.3407	142003.36507
1782.8489	141880.84379
1784.3568	141758.34689
1785.8655	141635.78499
1787.3739	141513.24747
1788.882	141390.73432
1790.3885	141268.35115
1791.8948	141145.98422
1793.4031	141023.45482
1794.9087	140901.14476
1796.4139	140778.92843
1797.9202	140678.38768
1799.4259	140577.88698
1800.9302	140477.47973
1802.4354	140377.0124
1803.9402	140276.57177
1805.4436	140176.22459
1806.9478	140075.82401
1808.4504	139975.53023
1809.954	139875.16969
1811.4572	139774.83586
1812.9589	139674.60215
1814.4603	139574.38846
1815.9637	139474.04128
1817.4645	139373.86764
1818.965	139273.71402
1820.4651	139173.5871
1821.9672	139073.32669
1823.4667	138973.23982
1824.9658	138873.20774
1826.4658	138782.65168
1827.9655	138692.11373
1829.4636	138601.67237
1830.9615	138511.24309
1832.4602	138420.76552
1833.9586	138330.30605
1835.4554	138239.94318
1836.952	138149.59238
1838.4495	138059.18725
1839.9454	137968.87871
1841.4423	137878.5098
1842.9375	137788.24352
1844.4336	137697.92291
1845.9282	137607.69285
1847.4226	137517.47487
1848.9177	137427.21463
1850.4126	137336.96646
1851.906	137246.80885
1853.399	137156.68903
1854.8929	137071.02752
1856.3854	136985.44628
1857.8774	136899.89371
1859.3704	136814.2838
1860.8618	136728.76564
1862.3541	136643.19587
1863.845	136557.70638
1865.3367	136472.17101
1866.8268	136386.7274
1868.3167	136301.29524
1869.8062	136215.88603
1871.2966	136130.42521
1872.7855	136045.0504
1874.274	135959.69852
1875.7634	135874.29504
1877.2515	135788.9661
1878.739	135703.67157
1880.2263	135618.3885
1881.7145	135532.92771
1883.2024	135406.53161
1884.6887	135280.27144
1886.1759	135153.93481
1887.6616	135027.7256
1889.1471	134901.53339
1890.6321	134775.38365
1892.118	134649.15745
1893.6025	134523.05019
1895.0867	134396.9684
1896.5704	134270.9291
1898.054	134144.89829
1899.5371	134018.90995
1901.02	133892.9386
1902.5038	133766.8908
1903.986	133640.97892
1905.4679	133515.09252
1906.9507	133389.12967
1908.4319	133263.30274
1909.913	133137.42995
1911.3936	132995.0008
1912.8751	132852.48507
1914.3551	132710.11363
1915.8348	132567.77105
1917.3153	132425.35152
1918.7932	132283.18209
1920.272	132140.92609
1921.7516	131998.59314
1923.2297	131856.40447
1924.7076	131714.23505
1926.1851	131572.10411
1927.6635	131429.88658
1929.1392	131287.9288
1930.6157	131145.89405
1932.0931	131003.77272
1933.5691	130861.78607
1935.0447	130719.8379
1936.5199	130577.92821
1937.995	130435.96976
1939.4696	130275.53105
1940.944	130115.1141
1942.4192	129954.61011
1943.8929	129794.26932
1945.3651	129634.09174
1946.8395	129473.67479
1948.3123	129313.43192
1949.7847	129153.23257
1951.2568	128993.06587
1952.7288	128832.91004
1954.2003	128672.80862
1955.6715	128512.73983
1957.1425	128352.69281
1958.613	128192.70018
1960.0833	128032.72932
1961.5544	127872.67142
1963.0229	127712.89639
1964.4923	127553.02345
1965.9625	127393.1518
1967.4301	127256.19584
1968.8984	127119.17456
1970.3666	126982.16261
1971.8344	126845.18799
1973.3019	126708.24136
1974.769	126571.33206
1976.236	126434.4321
1977.7025	126297.57879
1979.1687	126160.75348
1980.6346	126023.95616
1982.1002	125887.18685
1983.5656	125750.43619
1985.0305	125613.7322
1986.4952	125477.04687
1987.9584	125340.50151
1989.4237	125203.76019
1990.8875	125067.15885
1992.3497	124930.70682
1993.8129	124794.20993
1995.2756	124673.55662
1996.7382	124552.91155
1998.2003	124432.30773
1999.6622	124311.72041
2001.1239	124191.14958
2002.584	124070.71073
2004.0461	123950.10691
2005.5056	123829.71756
2006.9659	123709.26221
2008.4259	123588.83162
2009.8857	123468.41752
2011.344	123348.12714
2012.8042	123227.68005
2014.2618	123107.44742
2015.7203	122987.14055
2017.1786	122866.85018
2018.6365	122746.5928
2020.0928	122626.4674
2021.55	122506.22507
2023.0071	122371.92626
2024.4637	122237.67354
2025.9188	122103.55907
2027.3761	121969.24183
2028.8306	121835.18266
2030.2849	121701.14192
2031.7411	121566.92607
2033.1948	121432.94063
2034.6493	121298.88146
2036.1035	121164.84994
2037.5574	121030.84608
2039.0098	120896.98046
2040.463	120763.04111
2041.916	120629.12019
2043.3674	120495.34675
2044.8198	120361.48113
2046.2719	120227.64317
2047.7224	120093.95267
2049.175	119960.05123
2050.625	119821.85177
2052.0747	119683.6809
2053.5264	119545.31941
2054.9753	119407.22479
2056.4241	119269.1397
2057.8748	119130.87352
2059.323	118992.84561
2060.7708	118854.85583
2062.2195	118716.78027
2063.6677	118578.75237
2065.1147	118440.83884
2066.5625	118302.84906
2068.01	118164.88787
2069.4558	118027.08871
2070.9028	117889.17518
2072.3481	117751.42367
2073.7944	117613.57686
2075.2402	117475.77769
2076.6848	117338.09637
2078.1289	117201.56019
2079.5752	117064.81601
2081.0186	116928.34601
2082.4619	116791.88547
2083.906	116655.34929
2085.3486	116518.95493
2086.7922	116382.46603
2088.2354	116246.01494
2089.677	116109.71513
2091.1187	115973.40586
2092.5608	115837.05878
2094.0017	115700.82515
2095.4434	115564.51589
2096.8848	115428.23499
2098.3247	115292.09591
2099.7654	115155.88119
2101.2046	115019.80829
2102.6438	114883.73539
2104.0835	114747.62267
2105.522	114613.93242
2106.9612	114480.17711
2108.4001	114346.44967
2109.8376	114212.85236
2111.2749	114079.27362
2112.7129	113945.62984
2114.1497	113812.09757
2115.5859	113678.62107
2117.0229	113545.07022
2118.4587	113411.6309
2119.894	113278.23804
2121.3303	113144.75224
2122.7651	113011.40586
2124.1995	112878.09664
2125.635	112744.6852
2127.0688	112611.43175
2128.5034	112478.10395
2129.9368	112344.88767
2131.3699	112211.69226
2132.8037	112076.13576
2134.2361	111940.71162
2135.668	111805.33476
2137.1011	111669.84444
2138.5325	111534.51485
2139.9636	111399.21362
2141.3958	111263.80839
2142.8262	111128.57334
2144.2566	110993.33829
2145.6877	110858.03706
2147.1174	110722.86819
2148.5469	110587.71823
2149.9771	110452.50208
2151.4058	110317.42776
2152.8354	110182.26834
2154.2637	110047.23184
2155.6904	109912.3466
2157.1191	109777.27227
2158.5464	109642.28876
2159.9734	109493.58644
2161.4011	109344.81118
2162.8276	109196.16097
2164.2537	109047.55244
2165.6807	108898.85013
2167.105	108750.42917
2168.5313	108601.7998
2169.9563	108453.3059
2171.3809	108304.85368
2172.8064	108156.30767
2174.2292	108008.04302
2175.6528	107859.69501
2177.0774	107711.24279
2178.5005	107562.94688
2179.9233	107414.68223
2181.3459	107266.43843
2182.7681	107118.2363
2184.1912	106969.94039
2185.6128	106821.71833
2187.0332	106650.00244
2188.4553	106478.08103
2189.876	106306.32888
2191.2964	106134.61299
2192.7166	105962.92128
2194.1365	105791.26584
2195.5571	105619.52577
2196.9763	105447.95496
2198.3943	105276.52921
2199.814	105104.89795
2201.2324	104933.42385
2202.6494	104762.11899
2204.0684	104590.57235
2205.4858	104419.21914
2206.9031	104247.87802
2208.3198	104076.60944
2209.7366	103905.32877
2211.1528	103734.12063
2212.5688	103562.81509
2213.9846	103352.9065
2215.3999	103143.07203
2216.8152	102933.23757
2218.23	102723.47723
2219.6445	102513.76138
2221.0588	102304.07518
2222.4727	102094.44828
2223.8862	101884.88068
2225.2998	101675.29826
2226.7126	101465.83445
2228.1245	101256.50408
2229.5381	101046.92166
2230.9502	100837.56163
2232.3611	100628.37952
2233.7737	100418.94536
2235.1838	100209.88186
2236.5959	100000.52183
2238.0056	99791.51763
2239.416	99582.41254
2240.8262	99374.2771
2242.2361	99166.18594
2243.6455	98958.16857
2245.0547	98750.18072
2246.4626	98542.38474
2247.8723	98334.32309
2249.2795	98126.63042
2250.6877	97918.79017
2252.0955	97711.00895
2253.5029	97503.28676
2254.9102	97295.57934
2256.3159	97088.10806
2257.7227	96880.47444
2259.1289	96672.92936
2260.5349	96465.41381
2261.9407	96257.92778
2263.345	96050.66313
2264.7502	95843.26565
2266.155	95635.89124
2267.5596	95417.14201
2268.9639	95198.43951
2270.3669	94979.93946
2271.7705	94761.34597
2273.1741	94542.75248
2274.5759	94324.43932
2275.98	94105.76796
2277.3813	93887.53266
2278.7825	93669.31294
2280.1855	93450.8129
2281.5862	93232.67105
2282.9875	93014.43575
2284.3887	92796.21603
2285.7883	92578.24549
2287.1887	92360.15036
2288.5889	92142.08638
2289.9888	91924.06912
2291.3875	91706.23874
2292.7856	91488.54338
2294.1858	91286.93439
2295.5835	91085.68538
2296.9819	90884.33557
2298.3789	90683.18734
2299.7769	90481.89513
2301.1746	90280.64611
2302.5708	90079.61307
2303.9678	89878.46484
2305.3633	89677.53259
2306.761	89476.28357
2308.156	89275.42332
2309.5508	89074.59186
2310.9463	88873.65961
2312.3406	88672.90014
2313.7366	88471.8959
2315.1304	88271.20843
2316.5237	88070.59295
2317.9177	87869.87668
2319.3105	87669.31739
2320.7041	87463.01387
2322.0962	87256.93239
2323.4893	87050.70288
2324.8818	86844.56219
2326.2732	86638.58434
2327.6653	86432.50286
2329.0562	86226.59903
2330.4478	86020.59158
2331.8379	85814.80617
2333.2278	85609.05038
2334.6184	85403.19096
2336.0076	85197.53879
2337.3977	84991.75339
2338.7866	84786.14563
2340.176	84580.46385
2341.5642	84374.95972
2342.9521	84169.5
2344.3408	83963.92185
2345.728	83758.55114
2347.1162	83547.97821
2348.5029	83337.63281
2349.8894	83127.31774
2351.2766	82916.8965
2352.6624	82706.68761
2354.0491	82496.34221
2355.4343	82286.22434
2356.8206	82075.93961
2358.2053	81865.89758
2359.5896	81655.91623
2360.9749	81445.78319
2362.3589	81235.84735
2363.7434	81025.83566
2365.1267	80816.00599
2366.511	80606.02464
2367.8936	80396.30116
2369.2761	80186.59284
2370.6582	79976.94521
2372.04	79767.33489
2373.4229	79554.4541
2374.8042	79341.81961
2376.1863	79129.06197
2377.5669	78916.53524
2378.9475	78704.00851
2380.3276	78491.55875
2381.7075	78279.13977
2383.0881	78066.61304
2384.4675	77854.27103
2385.8477	77641.80588
2387.2263	77429.58702
2388.6047	77217.39895
2389.9829	77005.24167
2391.3608	76793.13057
2392.7397	76580.86554
2394.1169	76368.86219
2395.4941	76156.85885
2396.8708	75944.93248
2398.2483	75732.94675
2399.6245	75539.14921
2400.9995	75345.52067
2402.3762	75151.65273
2403.7515	74957.98194
2405.1265	74764.35339
2406.5015	74570.72485
2407.877	74377.02589
2409.2512	74183.51
2410.6252	73990.02228
2411.9988	73796.59088
2413.3721	73603.20173
2414.7454	73409.81258
2416.1182	73216.49384
2417.4917	73023.07652
2418.8628	72829.99718
2420.2358	72636.65027
2421.6077	72443.45827
2422.979	72250.35076
2424.3501	72057.35421
2425.72	71890.06589
2427.0916	71722.56998
2428.4619	71555.23282
2429.8318	71387.9445
2431.2017	71220.65619
2432.571	71053.44114
2433.9402	70886.23831
2435.3103	70718.92557
2436.6777	70551.94255
2438.0471	70384.71529
2439.4141	70217.78112
2440.7817	70050.77367
2442.1494	69883.75402
2443.5166	69716.79542
2444.8835	69549.87345
2446.25	69383.00034
2447.6165	69216.12722
2448.9827	69049.29074
2450.3484	68882.5693
2451.7139	68732.57093
2453.0791	68582.60551
2454.4441	68432.66207
2455.8076	68282.88339
2457.1731	68132.88502
2458.5364	67983.12832
2459.9011	67833.21783
2461.2637	67683.53802
2462.627	67533.78132
2463.99	67384.05757
2465.3528	67234.35579
2466.7151	67084.70894
2468.0774	66935.06208
2469.4382	66785.58
2470.8008	66635.90019
2472.1611	66486.47304
2473.5222	66336.958
2474.8831	66187.46494
2476.2424	66038.13193
2477.6038	65882.387
2478.9626	65726.9395
2480.3223	65571.38904
2481.6816	65415.88435
2483.0408	65260.39109
2484.3987	65105.04655
2485.7583	64949.50754
2487.1155	64794.24308
2488.4734	64638.89855
2489.8301	64483.69129
2491.1887	64328.26668
2492.5449	64173.11662
2493.9016	64017.90936
2495.2583	63862.70211
2496.6135	63707.66646
2497.9697	63552.5164
2499.3245	63397.52651
2500.6812	63242.31925
2502.0352	63087.32688
2503.3901	62901.58
2504.7439	62715.98393
2506.0981	62530.33301
2507.4524	62344.66838
2508.8062	62159.07231
2510.1587	61973.65445
2511.5122	61788.0995
2512.864	61602.7776
2514.2168	61417.31862
2515.5693	61231.90076
2516.9216	61046.51032
2518.2725	60861.31181
2519.624	60676.03104
2520.9744	60490.90108
2522.3254	60305.68886
2523.6753	60120.62744
2525.0259	59935.47006
2526.3762	59750.35381
2527.7261	59565.29239
2529.075	59380.36806
2530.4233	59195.526
2531.7725	59010.56054